C1 1 0 3.7372727272727274E-14
R1 1 2 0.0065772727272727285
L1 2 3 2.7094090909090914E-10
E1 6 7 3 4 0.3356573527576186
E2 10 11 4 5 0.231652565868317
C2 5 0 3.7372727272727274E-14
R2 5 6 0.0065772727272727285
L2 6 7 2.7094090909090914E-10
E3 6 7 7 8 0.3356573527576186
E4 10 11 8 9 0.231652565868317
C3 9 0 3.7372727272727274E-14
R3 9 10 0.0065772727272727285
L3 10 11 2.7094090909090914E-10
E5 6 7 11 12 0.3356573527576186
E6 10 11 12 13 0.231652565868317
C4 13 0 3.7372727272727274E-14
R4 13 14 0.0065772727272727285
L4 14 15 2.7094090909090914E-10
E7 6 7 15 16 0.3356573527576186
E8 10 11 16 17 0.231652565868317
C5 17 0 3.7372727272727274E-14
R5 17 18 0.0065772727272727285
L5 18 19 2.7094090909090914E-10
E9 6 7 19 20 0.3356573527576186
E10 10 11 20 21 0.231652565868317
C6 21 0 3.7372727272727274E-14
R6 21 22 0.0065772727272727285
L6 22 23 2.7094090909090914E-10
E11 6 7 23 24 0.3356573527576186
E12 10 11 24 25 0.231652565868317
C7 25 0 3.7372727272727274E-14
R7 25 26 0.0065772727272727285
L7 26 27 2.7094090909090914E-10
E13 6 7 27 28 0.3356573527576186
E14 10 11 28 29 0.231652565868317
C8 29 0 3.7372727272727274E-14
R8 29 30 0.0065772727272727285
L8 30 31 2.7094090909090914E-10
E15 6 7 31 32 0.3356573527576186
E16 10 11 32 33 0.231652565868317
C9 33 0 3.7372727272727274E-14
R9 33 34 0.0065772727272727285
L9 34 35 2.7094090909090914E-10
E17 6 7 35 36 0.3356573527576186
E18 10 11 36 37 0.231652565868317
C10 37 0 3.7372727272727274E-14
R10 37 38 0.0065772727272727285
L10 38 39 2.7094090909090914E-10
E19 6 7 39 40 0.3356573527576186
E20 10 11 40 41 0.231652565868317
C11 41 0 3.7372727272727274E-14
R11 41 42 0.0065772727272727285
L11 42 43 2.7094090909090914E-10
E21 6 7 43 44 0.3356573527576186
E22 10 11 44 45 0.231652565868317

C12 46 0 4.357272727272727E-14
R12 46 47 0.0065772727272727285
L12 47 48 2.549136363636363E-10
E23 47 48 48 49 0.315801835354908
E24 55 56 49 50 0.3249145903017511
C13 50 0 4.357272727272727E-14
R13 50 51 0.0065772727272727285
L13 51 52 2.549136363636363E-10
E25 47 48 52 53 0.315801835354908
E26 55 56 53 54 0.3249145903017511
C14 54 0 4.357272727272727E-14
R14 54 55 0.0065772727272727285
L14 55 56 2.549136363636363E-10
E27 47 48 56 57 0.315801835354908
E28 55 56 57 58 0.3249145903017511
C15 58 0 4.357272727272727E-14
R15 58 59 0.0065772727272727285
L15 59 60 2.549136363636363E-10
E29 47 48 60 61 0.315801835354908
E30 55 56 61 62 0.3249145903017511
C16 62 0 4.357272727272727E-14
R16 62 63 0.0065772727272727285
L16 63 64 2.549136363636363E-10
E31 47 48 64 65 0.315801835354908
E32 55 56 65 66 0.3249145903017511
C17 66 0 4.357272727272727E-14
R17 66 67 0.0065772727272727285
L17 67 68 2.549136363636363E-10
E33 47 48 68 69 0.315801835354908
E34 55 56 69 70 0.3249145903017511
C18 70 0 4.357272727272727E-14
R18 70 71 0.0065772727272727285
L18 71 72 2.549136363636363E-10
E35 47 48 72 73 0.315801835354908
E36 55 56 73 74 0.3249145903017511
C19 74 0 4.357272727272727E-14
R19 74 75 0.0065772727272727285
L19 75 76 2.549136363636363E-10
E37 47 48 76 77 0.315801835354908
E38 55 56 77 78 0.3249145903017511
C20 78 0 4.357272727272727E-14
R20 78 79 0.0065772727272727285
L20 79 80 2.549136363636363E-10
E39 47 48 80 81 0.315801835354908
E40 55 56 81 82 0.3249145903017511
C21 82 0 4.357272727272727E-14
R21 82 83 0.0065772727272727285
L21 83 84 2.549136363636363E-10
E41 47 48 84 85 0.315801835354908
E42 55 56 85 86 0.3249145903017511
C22 86 0 4.357272727272727E-14
R22 86 87 0.0065772727272727285
L22 87 88 2.549136363636363E-10
E43 47 48 88 89 0.315801835354908
E44 55 56 89 90 0.3249145903017511

C23 91 0 3.969090909090909E-14
R23 91 92 0.0065772727272727285
L23 92 93 2.541227272727273E-10
E45 92 93 93 94 0.21727313906084852
E46 96 97 94 95 0.32390649239492886
C24 95 0 3.969090909090909E-14
R24 95 96 0.0065772727272727285
L24 96 97 2.541227272727273E-10
E47 92 93 97 98 0.21727313906084852
E48 96 97 98 99 0.32390649239492886
C25 99 0 3.969090909090909E-14
R25 99 100 0.0065772727272727285
L25 100 101 2.541227272727273E-10
E49 92 93 101 102 0.21727313906084852
E50 96 97 102 103 0.32390649239492886
C26 103 0 3.969090909090909E-14
R26 103 104 0.0065772727272727285
L26 104 105 2.541227272727273E-10
E51 92 93 105 106 0.21727313906084852
E52 96 97 106 107 0.32390649239492886
C27 107 0 3.969090909090909E-14
R27 107 108 0.0065772727272727285
L27 108 109 2.541227272727273E-10
E53 92 93 109 110 0.21727313906084852
E54 96 97 110 111 0.32390649239492886
C28 111 0 3.969090909090909E-14
R28 111 112 0.0065772727272727285
L28 112 113 2.541227272727273E-10
E55 92 93 113 114 0.21727313906084852
E56 96 97 114 115 0.32390649239492886
C29 115 0 3.969090909090909E-14
R29 115 116 0.0065772727272727285
L29 116 117 2.541227272727273E-10
E57 92 93 117 118 0.21727313906084852
E58 96 97 118 119 0.32390649239492886
C30 119 0 3.969090909090909E-14
R30 119 120 0.0065772727272727285
L30 120 121 2.541227272727273E-10
E59 92 93 121 122 0.21727313906084852
E60 96 97 122 123 0.32390649239492886
C31 123 0 3.969090909090909E-14
R31 123 124 0.0065772727272727285
L31 124 125 2.541227272727273E-10
E61 92 93 125 126 0.21727313906084852
E62 96 97 126 127 0.32390649239492886
C32 127 0 3.969090909090909E-14
R32 127 128 0.0065772727272727285
L32 128 129 2.541227272727273E-10
E63 92 93 129 130 0.21727313906084852
E64 96 97 130 131 0.32390649239492886
C33 131 0 3.969090909090909E-14
R33 131 132 0.0065772727272727285
L33 132 133 2.541227272727273E-10
E65 92 93 133 134 0.21727313906084852
E66 96 97 134 135 0.32390649239492886

C34 1 46 -1.1513636363636363E-14
C35 1 91 -5.5818181818181816E-15
C36 46 91 -1.1813636363636362E-14
